  PID
    1
    2
    4
    6
    7
    8
    9
   10
   11
   12
   13
   14
   15
   16
   18
   19
   20
   21
   22
   24
   25
   26
   27
   28
   30
   31
   32
   34
   36
   37
   38
   39
   40
   41
   42
   43
   44
   45
   46
   47
   48
   49
   50
   53
   54
   55
   97
   98
  102
  128
  175
  176
  177
  178
  179
  180
  181
  182
  183
  184
  185
  186
  193
  194
  195
  199
  226
  227
  228
  230
  256
  266
  281
  348
  673
  677
  678
  679
  680
  684
  686
  691
  705
  735
  737
  738
  747
  748
  761
  830
  831
  886
  915
  944
  945
  960
  985
  992
 1004
 1009
 1019
 1022
 1026
 1033
 1099
 1103
 1133
 1143
 1161
 1169
 1174
 1176
 1180
 1181
 1194
 1195
 1205
 1208
 1211
 1222
 1223
 1224
 1226
 1231
 1232
 1233
 1234
 1237
 1238
 1239
 1242
 1247
 1248
 1251
 1252
 1253
 1258
 1261
 1266
 1308
 1416
 1650
 3203
 3204
 3205
 3206
 3207
 3219
 3220
 3260
 3511
 3805
 3842
 3902
 3920
 3940
 3946
 3947
 3954
 3958
 3960
 3962
 4027
 4032
 4048
 4054
 4062
 4067
 4069
 4075
 4087
 4092
 4093
 4097
 4099
 4103
 4111
 4117
 4121
 4125
 4128
 4133
 4139
 4144
 4151
 4159
 4161
 4165
 4167
 4168
 4171
 4176
 4180
 4183
 4184
 4192
 4193
 4194
 4197
 4201
 4202
 4203
 4207
 4222
 4236
 4238
 4277
 4290
 4291
 4292
 4297
 4300
 4304
 4305
 4322
 4335
 4348
 4349
 4354
 4373
 4390
 4436
 4492
 4577
 4769
 4801
 4804
 4807
 4828
 4876
 4884
 4896
 4946
 4958
 4979
 5041
 5044
 5077
 6260
 6263
 6264
 6265
 6266
 6267
18739
18740
18750
18751
18752
18753
18754
18755
